150
1 2260 1123
2 2848 96
3 2270 550
4 457 334
5 4140 666
6 984 965
7 2420 2250
8 1286 525
9 2716 2120
10 738 1325
11 1251 2362
12 3000 2140
13 3815 169
14 3683 1533
15 1247 1945
16 123 1310
17 3990 2304
18 252 1240
19 611 673
20 2576 1676
21 928 1700
22 4570 857
23 2270 1920
24 560 1180
25 2574 946
26 178 2348
27 4230 1825
28 1795 962
29 4670 1498
30 3780 1079
31 1256 61
32 1220 1560
33 4120 310
34 3085 1528
35 2573 1969
36 463 1670
37 3875 598
38 298 1513
39 3479 821
40 2310 236
41 3955 1743
42 1323 400
43 3447 2160
44 2936 337
45 1770 1884
46 3373 1646
47 1393 1368
48 3874 1318
49 938 810
50 3230 650
51 2482 1183
52 4200 2080
53 376 550
54 2519 135
55 3180 1070
56 4740 268
57 4280 1479
58 2097 981
59 710 2080
60 2139 2326
61 2421 1007
62 4520 2030
63 1115 2180
64 2588 302
65 4530 265
66 241 341
67 4530 609
68 2991 792
69 2573 599
70 19 674
71 3911 2180
72 872 1559
73 2863 558
74 929 2326
75 839 620
76 4260 102
77 2178 1619
78 4150 899
79 1360 1048
80 1480 660
81 4340 740
82 3416 143
83 3810 1900
84 611 2326
85 3113 885
86 1930 2160
87 4240 1286
88 400 2140
89 1429 134
90 742 1025
91 1625 2100
92 1187 706
93 2120 330
94 22 987
95 3640 300
96 3756 882
97 776 392
98 1620 1804
99 198 1810
100 3950 1558
101 4390 420
102 91 2110
103 4210 500
104 500 1960
105 4480 1638
106 4590 1023
107 3430 1088
108 2186 766
109 1513 2326
110 2460 1400
111 53 1657
112 3404 1307
113 1034 1344
114 1410 2200
115 3104 1931
116 3232 324
117 2790 1457
118 374 9
119 741 146
120 2930 2293
121 4090 1067
122 1280 237
123 3326 1846
124 217 550
125 4670 1350
126 3527 41
127 739 1850
128 3548 1999
129 48 154
130 1419 872
131 1689 1223
132 1250 1200
133 1628 253
134 382 872
135 3029 1242
136 4610 1758
137 285 1029
138 1782 93
139 1067 371
140 2849 1214
141 920 1990
142 1741 712
143 876 70
144 2753 283
145 2820 980
146 3730 2304
147 3613 523
148 1754 390
149 2916 1724
150 2445 1820
